104.80980833552516
8
2 2 8
1 3
1 10
1 9
1 4
1 5
1 6
2 7 1
1206.051876155217
7
2 7 4
1 6
1 3
1 5
3 8 10 9
1 1
1 2
115180.38478177671
73
1 8
2 25 39
1 45
1 51
1 66
1 73
4 82 83 89 91
2 92 97
2 5 17
1 20
1 29
1 41
1 69
1 71
1 78
1 90
2 30 34
1 36
1 38
1 48
1 50
2 52 65
1 72
1 93
2 4 31
2 32 47
2 94 7
1 14
1 55
1 68
1 100
1 1
1 22
1 28
1 40
1 42
2 59 76
1 84
1 98
2 11 13
2 26 33
2 35 37
1 54
3 56 58 67
2 87 88
1 95
1 23
1 60
1 63
2 75 77
1 79
2 6 10
1 19
1 70
2 3 9
1 16
1 27
1 46
2 53 62
1 64
2 80 81
3 12 18 74
2 85 2
1 21
1 44
1 57
2 86 96
1 99
1 15
1 24
1 43
1 49
1 61
58782.03476151814
357
2 71 132
1 156
1 187
1 243
3 329 345 385
1 488
1 11
1 62
1 66
2 74 78
1 215
1 240
1 312
1 369
1 379
2 422 449
1 486
2 52 61
1 106
1 108
1 142
1 160
1 177
2 305 342
1 362
1 399
1 403
1 481
2 499 1
1 22
1 34
3 87 195 250
2 256 364
1 389
1 47
1 75
1 85
1 93
1 154
3 197 218 230
1 358
1 377
1 411
1 438
2 473 23
2 72 88
2 116 286
2 294 384
3 387 400 404
1 447
1 16
1 149
1 182
2 220 222
1 283
1 322
1 333
2 354 453
1 465
1 48
1 49
1 137
1 167
1 202
2 214 247
1 332
2 386 500
1 15
1 26
1 27
1 76
1 81
1 100
1 146
2 237 246
1 259
1 272
1 291
1 374
1 450
1 496
1 44
1 84
2 141 144
1 151
1 211
1 252
2 296 304
2 321 7
1 37
2 43 56
1 64
2 90 104
1 138
3 228 260 278
1 285
1 356
1 416
1 442
1 494
1 497
3 70 91 194
2 235 244
1 266
1 298
2 316 334
3 388 451 58
1 319
1 320
1 337
1 406
1 421
2 452 477
1 30
2 51 105
1 140
1 169
1 229
1 308
1 315
1 431
1 446
2 457 5
1 55
3 94 135 184
3 208 264 328
1 338
1 368
1 68
1 79
2 97 139
1 153
1 193
1 206
1 309
1 324
3 402 470 479
2 495 31
1 129
3 148 161 180
1 213
1 372
1 405
1 491
1 46
2 113 130
1 133
1 174
1 217
1 248
3 273 284 376
5 401 480 489 490 33
1 53
2 207 302
3 343 351 381
1 382
1 409
1 29
1 158
1 159
2 172 183
2 277 292
3 353 383 407
1 408
1 428
1 461
1 487
1 35
1 128
1 155
1 227
1 339
1 437
1 445
2 12 115
2 126 134
1 136
1 157
2 199 378
1 412
1 430
1 469
1 482
1 164
1 391
1 3
2 21 45
1 125
3 171 300 396
1 435
1 471
2 18 36
1 63
2 200 330
1 434
2 463 493
2 9 123
1 131
1 191
1 192
2 221 232
1 410
2 414 483
1 24
1 42
1 107
2 163 179
1 236
1 293
1 335
1 398
1 475
2 96 268
1 318
1 373
2 380 492
2 32 119
2 150 152
3 175 176 245
1 290
1 313
1 425
1 467
1 498
2 143 255
3 280 352 375
2 468 4
1 10
2 40 86
2 198 231
1 303
1 357
1 455
1 460
2 121 188
1 205
1 219
1 234
1 242
2 317 443
2 464 2
2 50 54
1 226
2 325 168
2 173 201
1 274
1 275
1 287
1 289
1 347
1 444
1 466
4 28 67 73 261
1 282
1 348
1 426
2 429 432
1 14
1 257
1 288
2 310 323
1 326
1 363
2 371 458
2 41 110
1 209
2 238 254
1 340
1 392
3 8 20 25
1 39
1 95
1 367
1 60
1 80
2 117 190
1 233
1 361
1 417
1 418
1 439
1 462
4 478 484 92 127
2 181 212
3 267 295 297
2 344 394
1 459
3 69 189 265
1 360
1 101
1 124
2 253 262
2 276 413
4 485 83 98 109
1 147
1 185
2 263 270
1 279
1 436
1 13
1 19
1 166
1 223
2 306 341
3 370 424 427
1 433
1 440
1 65
1 89
2 170 196
2 239 271
1 281
1 311
1 327
1 346
1 365
1 57
2 112 122
1 165
1 216
2 251 301
1 314
2 355 390
1 441
1 17
1 114
1 120
1 145
1 162
1 258
2 269 307
3 331 366 393
1 423
3 456 59 99
3 224 225 336
2 359 397
1 415
1 420
1 472
2 474 38
1 77
1 82
1 111
3 118 178 241
1 249
2 350 395
1 419
1 448
1 454
1 476
2 6 102
1 103
2 186 203
1 204
1 210
1 299
1 349
100114.67448237886
64
1 19
1 57
1 70
2 91 84
2 12 20
1 85
1 7
1 13
2 23 18
1 38
1 47
2 59 75
2 92 25
1 36
1 69
1 35
1 53
1 68
1 93
2 58 14
1 17
1 26
2 86 96
1 98
1 15
4 81 64 95 10
1 29
1 3
2 30 33
4 31 27 71 34
2 43 87
1 16
1 62
1 73
1 39
2 97 94
1 100
1 46
2 52 66
3 55 4 6
1 9
1 54
1 1
2 49 56
2 65 88
1 45
3 74 21 24
1 5
1 63
1 2
1 48
2 90 22
2 44 77
1 50
1 82
2 83 61
2 79 60
3 78 28 72
2 80 11
1 37
4 41 76 40 32
1 42
1 67
4 89 8 51 99
1263.5302645432432
7
3 8 9 1
1 7
1 4
1 6
1 5
2 2 10
1 3
58604.246143009164
36
1 27
1 7
2 9 36
1 11
2 37 19
1 50
2 43 2
1 41
1 15
2 35 29
1 31
1 22
1 5
1 40
2 17 21
3 25 20 4
1 12
1 10
2 42 26
2 13 47
1 48
1 30
1 8
1 34
3 28 16 1
1 32
2 3 6
3 44 18 24
1 39
1 14
1 33
1 38
1 49
1 46
1 23
1 45
110060.24473201924
680
1 295
2 820 511
1 818
1 976
2 395 623
1 382
3 168 797 730
1 946
1 221
5 966 518 521 446 865
2 191 176
1 411
1 705
1 355
2 647 928
1 283
1 952
1 633
1 498
1 763
1 929
2 466 512
2 749 930
1 104
1 796
1 400
1 774
2 377 605
2 330 847
1 536
2 609 441
1 250
1 691
1 800
2 880 599
1 907
2 135 990
1 139
3 973 166 825
1 963
3 118 132 702
2 742 579
2 653 666
1 554
2 236 246
1 735
1 556
1 122
1 86
2 424 591
1 724
2 585 824
1 676
2 943 773
1 780
1 810
1 358
1 386
2 80 292
1 108
1 908
1 835
1 911
2 593 901
2 493 490
2 629 704
1 787
2 912 223
1 923
1 365
1 220
1 239
1 802
1 390
1 524
3 794 479 532
3 715 572 699
2 888 277
2 574 503
1 849
1 432
2 6 689
1 184
1 303
1 956
1 486
1 558
2 241 571
1 46
2 427 728
2 172 809
2 924 547
1 33
1 890
1 941
1 200
1 803
2 528 581
1 792
1 481
1 965
2 323 133
2 394 414
2 408 326
2 4 62
1 886
1 906
1 438
1 492
1 433
1 447
1 670
3 541 751 64
1 680
4 989 778 453 788
3 412 597 700
1 614
3 129 136 771
2 858 993
1 515
2 313 529
1 279
1 807
1 71
2 436 509
1 947
1 192
4 790 91 329 703
1 289
2 23 514
1 795
1 840
1 340
1 933
1 243
2 550 757
1 254
1 366
4 198 957 276 552
2 165 268
1 723
1 770
1 258
1 110
1 417
1 902
2 74 115
1 146
1 992
1 627
1 44
1 672
1 761
2 836 496
1 508
1 708
1 595
1 922
1 370
1 712
1 253
1 290
1 114
3 111 813 494
1 128
1 831
2 399 507
2 636 195
1 247
1 626
1 24
1 32
1 592
1 372
1 613
2 251 945
1 827
1 531
1 443
1 746
1 732
1 799
1 297
2 83 473
1 173
1 477
3 530 538 495
2 90 167
1 842
2 863 726
1 161
1 371
1 690
2 51 374
1 105
3 389 678 881
2 228 696
3 804 352 733
1 753
1 904
1 240
1 428
2 734 27
1 977
3 219 985 569
2 669 895
1 897
2 148 462
4 868 230 126 784
1 855
1 7
2 26 259
2 75 852
2 87 692
1 154
1 652
1 969
2 416 694
1 894
1 752
1 265
2 298 311
1 56
1 856
1 776
1 252
1 353
1 440
5 563 557 871 980 272
2 316 117
2 127 147
1 603
4 434 179 350 548
1 561
1 25
2 287 637
1 575
1 850
1 815
1 621
1 632
1 639
1 573
1 997
1 76
1 737
2 425 79
1 921
1 949
2 634 961
2 205 587
1 206
1 407
2 78 396
1 710
1 465
1 458
1 100
2 109 996
3 212 218 245
2 270 899
1 85
1 301
1 837
2 439 570
1 282
2 853 331
3 70 299 314
2 343 544
2 817 845
3 601 791 543
1 875
1 968
2 291 683
1 974
1 409
2 805 102
3 238 138 668
1 565
1 764
3 864 920 834
1 137
2 935 143
1 273
1 199
1 387
2 555 450
2 266 568
1 20
1 775
1 873
1 392
3 919 478 713
2 144 422
2 675 987
1 367
1 777
2 398 721
1 811
1 324
1 998
1 826
2 882 36
2 610 631
2 47 806
1 874
1 979
3 334 905 339
1 816
3 893 354 406
1 885
1 785
1 995
1 598
1 925
1 275
1 651
2 932 891
1 484
1 151
1 474
1 611
1 646
1 625
1 877
2 644 662
1 697
2 60 456
1 889
1 69
1 57
2 310 711
1 938
2 375 654
1 359
2 448 812
2 798 181
2 160 349
4 622 487 918 786
2 872 188
1 772
1 729
1 405
1 444
1 931
3 459 671 356
2 684 745
3 180 284 975
1 28
1 491
4 602 953 914 504
1 801
2 67 917
3 134 351 656
2 580 706
2 577 717
1 175
2 335 793
1 551
2 667 119
2 566 1
2 650 106
2 421 464
3 489 345 756
1 657
1 262
2 641 457
1 49
1 971
1 983
2 832 50
1 177
2 58 470
1 209
1 39
4 471 779 178 260
1 982
1 121
1 98
1 193
2 293 333
2 638 40
1 1000
3 482 217 718
1 686
2 81 271
2 640 68
1 368
1 261
1 628
1 658
1 962
2 189 522
1 604
1 693
1 910
1 488
3 454 549 420
1 769
2 584 600
2 169 348
1 364
2 760 328
2 606 722
2 476 660
4 288 615 898 22
2 156 263
1 72
2 594 112
1 892
1 838
1 988
1 970
2 445 876
3 783 583 661
1 3
2 664 685
2 222 9
1 766
1 926
1 29
1 190
2 655 716
3 951 278 523
2 415 854
2 533 709
2 960 502
1 596
1 719
1 255
1 300
1 500
1 576
1 37
1 534
1 619
1 936
3 103 159 302
1 687
2 237 527
1 140
1 107
1 21
1 186
2 738 92
1 99
2 768 141
1 332
1 337
1 194
1 426
1 383
2 82 163
2 285 967
2 984 2
1 308
2 418 635
3 846 743 248
1 900
1 18
3 157 499 213
2 235 249
1 741
3 93 884 642
2 16 14
1 269
1 116
1 257
1 19
1 542
1 950
1 520
1 857
1 483
1 866
1 401
2 274 501
2 131 673
1 63
2 145 208
2 54 342
1 42
2 431 972
1 201
2 203 402
1 879
1 130
1 124
3 916 309 828
2 624 207
3 384 379 210
1 839
2 814 915
1 878
1 607
2 31 419
2 659 338
1 829
1 762
1 463
2 13 608
2 679 994
1 403
2 927 986
1 363
1 391
2 437 174
2 306 264
1 280
1 94
1 451
1 232
1 562
1 755
1 413
1 378
1 65
2 84 320
2 318 744
2 821 903
1 162
1 648
2 497 517
1 519
1 88
1 34
1 663
3 535 152 739
2 944 294
1 183
4 187 185 225 954
2 999 113
1 231
1 95
1 516
1 765
2 560 937
2 736 789
1 861
1 959
1 120
1 197
1 618
1 844
1 429
1 833
2 123 460
1 89
1 860
1 545
2 645 267
2 296 61
3 319 360 731
1 322
1 73
3 455 281 226
1 315
3 480 506 77
2 843 665
3 620 754 767
1 537
2 978 449
1 553
1 698
1 701
1 475
1 66
2 10 981
3 153 380 11
1 55
3 848 616 234
1 35
1 170
2 612 958
2 991 30
1 630
1 909
1 955
1 321
1 347
1 381
1 361
1 171
1 859
1 336
1 841
1 748
1 759
1 41
1 224
1 286
1 546
1 346
1 397
2 582 948
1 472
1 727
1 720
2 822 388
1 781
1 211
1 862
1 430
2 52 304
1 307
2 227 229
1 149
1 674
2 97 125
1 150
2 725 12
1 559
1 617
1 244
1 782
1 435
1 467
1 589
2 525 17
1 819
1 202
1 48
1 242
2 385 182
1 410
1 808
3 940 373 423
2 53 688
3 214 325 393
2 750 256
3 590 649 5
1 682
1 934
1 305
1 510
1 707
1 942
1 588
1 196
2 578 540
1 695
3 461 539 469
1 681
1 8
1 442
1 15
1 96
1 233
3 45 101 357
2 869 468
3 867 643 883
4 317 362 452 526
1 341
2 155 327
1 204
1 870
1 505
1 513
1 567
1 913
1 142
1 312
2 485 158
1 216
2 887 714
1 164
1 215
1 38
1 830
1 376
3 564 59 758
1 404
1 586
1 740
2 344 43
1 677
2 964 851
1 369
1 823
3 896 939 747
1115498.6786419502
676
3 655 114 768
2 489 874
1 335
2 162 268
2 895 948
2 880 357
1 17
5 798 958 518 306 843
2 174 727
2 165 521
2 898 63
1 139
1 692
2 216 95
3 219 66 558
1 772
1 82
2 846 993
2 426 546
1 802
2 182 603
1 415
1 827
1 871
1 682
1 950
1 276
2 420 71
2 623 929
3 665 267 629
2 228 614
2 908 177
2 414 970
1 229
1 645
1 617
1 834
1 885
2 431 705
3 785 618 564
1 678
1 875
1 435
1 624
1 823
1 585
1 892
2 175 145
1 221
1 246
1 140
1 191
1 119
1 782
3 866 56 70
1 556
2 596 644
1 697
1 937
1 954
2 761 322
1 16
1 767
2 398 179
1 657
2 410 299
2 842 122
1 676
2 673 262
1 296
2 403 557
1 255
2 476 350
1 811
2 933 755
1 935
2 753 691
1 748
1 106
1 903
1 500
1 633
1 620
1 913
3 445 703 205
3 133 583 563
1 65
1 746
1 161
3 771 670 758
2 879 991
2 44 498
2 649 812
1 190
1 600
1 199
1 532
2 926 341
1 380
1 731
2 740 837
2 5 309
1 369
3 378 966 48
2 222 368
3 263 539 760
1 312
1 592
1 695
1 46
2 260 836
1 270
2 973 710
1 839
1 568
1 702
1 765
1 226
2 536 736
1 170
1 952
3 112 224 279
2 340 105
2 244 305
1 725
1 437
1 411
1 11
2 35 242
2 548 9
1 158
1 616
1 690
1 923
1 916
2 981 29
1 211
2 214 467
1 379
2 901 169
1 328
2 534 859
1 152
1 317
2 144 739
1 857
2 337 342
2 446 409
2 164 634
1 39
1 132
2 459 577
1 192
2 562 719
2 300 853
1 990
2 225 330
1 24
1 640
2 722 949
1 661
3 781 635 815
1 669
1 762
1 123
2 477 160
2 559 826
2 852 215
1 253
3 628 638 728
1 639
2 674 184
1 265
3 282 429 967
1 320
1 671
1 588
1 397
2 709 396
2 441 212
1 374
1 274
1 188
1 258
2 196 754
1 810
1 896
1 470
1 523
2 141 401
1 404
3 917 293 310
1 355
1 26
1 167
1 387
2 30 995
2 284 113
1 389
3 504 912 517
3 626 166 797
1 456
1 94
1 820
3 272 372 876
3 549 138 451
3 764 447 81
1 540
1 693
1 724
2 399 780
1 57
2 313 851
1 283
1 723
1 553
1 961
2 365 332
2 742 694
2 972 149
1 180
1 110
1 609
1 982
1 315
1 580
1 128
1 704
1 945
2 601 281
2 662 171
1 807
1 69
2 232 358
1 436
2 602 163
2 878 297
1 672
2 134 67
1 200
2 737 636
2 700 743
2 769 932
2 883 308
2 776 817
1 412
2 681 963
2 126 783
1 4
1 824
1 943
2 544 584
2 249 495
3 988 156 146
1 573
1 856
1 474
1 386
1 581
2 630 266
1 511
1 13
2 715 816
2 840 418
1 868
1 285
1 944
2 75 965
1 49
1 962
1 53
3 457 599 207
1 750
1 910
1 1000
1 886
2 789 799
2 47 23
2 735 627
2 59 220
1 667
1 319
1 336
3 860 934 12
2 684 234
2 887 953
1 492
2 689 738
3 994 432 118
1 390
2 641 668
1 574
2 235 278
1 217
2 554 453
1 186
1 101
2 304 589
1 507
1 109
1 371
2 855 130
1 73
2 959 951
1 683
1 904
1 273
1 142
1 338
1 346
3 632 7 925
1 151
1 194
1 572
1 469
1 236
2 605 774
1 195
1 979
2 462 512
1 393
1 111
1 210
1 587
4 550 381 27 41
1 96
2 421 488
1 503
1 239
1 425
3 104 241 847
1 773
1 899
2 173 277
2 977 818
1 450
1 60
1 858
2 571 430
1 552
1 318
1 914
1 569
1 850
2 434 314
1 402
1 757
2 370 231
2 465 985
1 472
2 91 939
1 61
1 654
1 865
1 942
1 417
1 528
1 287
3 999 922 997
1 237
2 485 384
1 349
1 439
1 756
1 920
2 77 185
1 720
1 931
2 906 594
1 32
1 637
1 391
1 611
1 622
4 478 646 513 612
3 547 97 240
1 375
2 440 873
2 64 382
1 907
1 444
1 36
1 607
1 652
2 198 996
1 519
1 845
2 76 209
1 311
1 89
1 832
2 45 524
2 506 663
1 484
1 150
1 271
1 449
2 821 833
1 841
1 711
1 124
1 838
1 778
1 980
1 254
2 345 522
2 324 940
1 955
2 416 490
2 497 218
1 351
1 323
1 721
2 610 343
2 407 685
1 848
1 864
3 915 117 918
2 84 1
4 154 653 593 19
1 749
1 294
2 625 726
1 388
1 829
1 491
1 505
1 941
1 884
1 252
1 363
1 651
2 696 701
1 766
1 37
2 203 533
1 619
2 775 608
2 125 302
1 893
1 487
1 787
2 359 666
1 909
1 427
1 897
2 116 348
1 870
1 877
2 419 699
1 172
1 793
1 442
2 675 717
2 976 155
1 835
4 327 712 78 10
2 107 501
1 98
1 14
2 919 361
2 525 561
1 55
1 986
1 3
2 529 223
2 227 718
1 129
2 526 290
2 405 496
2 777 971
1 233
1 339
1 591
2 542 530
1 664
1 974
2 288 367
1 331
1 458
2 708 828
3 43 54 795
2 15 555
1 730
2 804 103
3 790 38 334
1 794
1 480
1 298
1 688
2 93 565
1 413
2 796 882
1 566
1 395
3 763 770 520
2 481 502
1 483
2 131 575
2 286 2
2 960 157
1 468
1 74
1 428
2 99 460
1 551
1 578
2 698 983
1 658
1 79
1 301
1 303
1 454
2 326 466
1 642
1 930
1 25
1 259
1 891
1 805
1 143
4 264 946 316 872
2 83 819
1 921
1 863
1 51
1 147
1 153
3 201 356 183
1 813
1 251
1 137
2 187 353
1 606
2 809 438
1 849
2 531 713
1 354
1 486
2 579 830
2 247 586
1 121
1 527
1 729
1 890
1 613
1 86
1 659
1 333
1 854
1 867
2 159 648
3 362 733 707
1 452
1 947
2 779 455
4 679 631 376 68
1 248
3 595 803 560
1 677
1 62
3 570 136 245
1 650
2 148 291
1 889
1 734
1 42
1 197
2 615 33
1 115
1 189
2 957 307
3 463 656 181
1 687
2 193 21
3 256 257 660
2 85 360
3 408 289 269
3 541 352 792
2 176 72
1 741
2 984 261
1 52
1 6
1 482
2 295 598
2 135 377
1 786
1 567
1 202
1 292
1 844
3 230 208 514
1 31
1 448
1 275
1 366
1 499
1 902
3 168 100 969
3 20 987 364
1 347
1 938
2 28 321
2 862 509
1 392
1 385
2 475 535
1 801
2 22 280
1 643
1 745
3 956 18 127
2 744 604
1 102
2 510 714
1 784
1 40
1 747
3 213 621 968
1 759
1 752
1 243
1 120
2 479 806
1 58
1 582
2 423 597
1 590
1 869
1 178
1 814
2 927 515
3 924 788 537
1 825
1 894
1 831
2 998 422
2 905 8
1 92
2 443 538
2 800 88
4 108 461 978 545
1 250
1 808
2 325 433
2 911 686
1 494
2 647 344
3 992 90 822
2 406 80
1 473
1 400
2 424 50
1 751
1 493
1 680
1 791
2 329 706
1 87
2 543 383
1 204
1 732
1 964
2 861 975
3 464 716 989
2 576 34
1 206
1 936
1 471
1 394
1 373
1 238
3 888 928 516
2 900 508
1 881
109748.97825991658
683
3 117 882 978
1 541
1 742
1 217
1 975
1 140
2 174 897
1 967
1 229
1 566
2 670 921
2 38 441
2 692 890
4 156 722 857 23
1 216
2 268 539
1 768
2 125 844
1 418
1 95
1 607
1 83
2 339 929
1 410
1 516
3 470 208 764
1 233
1 5
1 189
3 351 251 552
1 702
1 980
1 186
2 332 771
1 827
1 331
2 274 97
2 479 137
1 781
1 57
1 361
1 569
1 953
2 52 76
1 399
2 747 42
1 733
1 912
2 284 405
3 731 743 116
1 144
1 642
1 84
2 106 592
2 427 148
1 727
3 8 449 546
3 162 209 379
2 481 426
1 459
2 868 134
1 415
3 330 604 31
1 650
1 504
1 805
2 344 863
2 631 651
2 995 109
2 498 860
2 600 214
1 773
2 72 254
1 47
2 606 275
2 870 206
2 725 951
1 260
3 423 586 54
1 13
1 26
2 442 662
2 685 63
1 864
2 676 205
3 661 739 578
1 64
1 247
2 525 583
1 766
1 544
2 312 477
1 930
3 778 154 354
1 815
3 433 985 67
1 754
1 409
1 101
1 138
1 257
1 896
1 942
1 957
3 414 646 245
1 269
2 306 895
1 346
2 934 540
2 946 202
1 68
1 612
2 538 196
2 495 893
1 123
1 752
2 395 682
1 73
1 158
2 443 402
2 463 648
1 412
1 969
1 610
1 452
1 735
2 829 367
1 401
1 429
1 960
1 982
2 321 573
1 118
2 243 909
1 365
1 264
2 753 99
1 258
1 617
1 865
2 167 658
2 681 317
1 758
2 322 851
1 687
2 826 27
2 336 408
1 503
2 152 521
1 712
1 723
1 139
1 382
2 78 45
2 272 176
1 326
1 293
2 809 486
1 523
1 110
1 439
1 204
1 301
1 145
1 194
1 324
2 150 655
1 265
2 392 710
2 338 374
1 961
1 900
2 168 789
1 920
1 460
1 171
1 353
1 719
1 273
1 948
1 350
2 852 621
2 898 17
3 359 210 103
2 280 763
1 981
2 455 553
1 485
2 127 704
1 236
2 528 932
2 451 489
1 632
1 944
1 483
1 524
1 647
1 462
1 824
1 416
1 557
2 180 915
1 487
1 769
1 107
1 393
1 732
2 986 867
1 706
1 386
3 547 949 70
1 941
2 904 404
1 683
1 421
1 619
3 819 9 195
1 550
1 667
1 259
2 36 356
1 591
2 191 859
1 29
1 527
1 823
2 880 126
2 105 311
2 666 574
1 181
3 190 182 802
1 889
1 170
1 576
3 602 871 686
1 534
1 894
2 881 207
2 950 691
1 918
1 996
2 657 417
2 741 25
1 32
2 295 71
1 14
2 318 192
1 203
1 163
1 173
1 911
3 713 974 30
2 74 61
3 77 188 595
1 596
1 817
3 175 325 510
1 279
1 861
1 425
1 843
1 923
2 968 413
1 112
1 796
2 902 151
1 611
1 56
2 224 469
1 584
2 696 132
1 197
3 977 913 801
1 831
2 10 624
2 478 836
2 200 113
2 714 822
1 497
2 693 310
2 222 872
1 496
1 633
1 756
1 246
2 643 672
3 779 990 491
1 124
3 226 21 65
1 697
1 221
1 298
1 493
1 597
1 750
1 998
1 352
1 431
2 765 570
1 837
1 800
1 294
1 16
1 146
1 277
1 358
1 457
1 623
2 628 568
1 434
2 169 420
1 89
1 798
1 933
1 438
1 466
1 832
1 869
1 166
2 114 529
2 130 282
4 587 345 60 241
3 28 234 341
1 548
2 603 499
2 411 935
2 614 638
2 157 567
1 580
1 218
1 937
1 740
1 96
1 945
1 255
1 37
1 601
1 736
1 775
1 387
2 582 724
2 160 594
1 302
1 348
2 375 316
1 349
2 649 147
1 228
1 924
1 501
1 376
1 613
2 320 369
1 581
1 153
2 979 818
1 347
1 695
2 813 249
1 776
1 787
2 15 838
2 87 807
2 472 636
3 955 383 635
2 833 172
2 659 728
1 970
1 884
1 242
3 907 997 419
1 289
1 307
3 901 928 505
1 804
2 314 808
1 991
1 588
3 66 507 675
1 689
1 396
1 590
1 432
2 476 329
1 630
1 122
2 1 734
1 288
2 664 777
2 782 278
1 474
3 598 526 212
1 762
1 267
2 319 133
1 855
1 954
1 811
1 717
1 235
3 98 81 335
4 515 80 927 678
3 41 143 795
2 104 240
2 161 333
1 372
1 641
1 793
1 554
2 559 364
1 842
1 458
1 575
1 886
2 943 6
1 579
1 445
4 494 467 517 814
1 88
2 239 256
2 862 366
3 287 794 471
1 58
1 549
2 810 841
1 422
1 850
2 177 232
1 984
3 906 24 136
1 939
1 797
1 435
2 227 834
1 271
2 428 625
1 465
1 482
1 119
1 128
1 640
1 677
1 679
1 891
1 492
3 577 721 972
1 385
1 340
1 4
3 53 446 856
3 18 342 668
1 500
1 790
2 461 899
1 155
1 718
1 749
1 759
2 424 456
2 917 253
1 149
3 748 542 373
1 537
1 976
2 121 389
1 131
1 305
1 437
1 877
1 962
2 49 391
1 159
1 999
3 454 12 283
1 313
1 908
1 86
1 165
2 774 806
1 876
1 270
2 91 716
1 738
1 846
1 618
2 644 873
1 892
1 669
1 55
1 193
2 447 34
1 201
2 381 652
1 556
2 276 215
2 299 90
2 883 965
1 820
1 840
1 59
1 281
2 875 522
1 703
2 565 940
1 62
1 564
1 720
1 290
1 788
2 2 108
3 308 248 551
2 853 377
1 803
1 285
2 300 355
1 509
3 988 406 634
3 938 966 100
1 845
2 888 85
1 654
1 231
1 261
1 959
3 1000 835 519
2 115 926
1 291
2 866 362
2 665 79
1 40
1 956
1 772
1 690
1 296
1 512
1 730
1 757
5 992 142 589 914 508
2 571 545
2 673 885
2 878 380
1 828
2 475 737
3 185 694 129
1 989
1 562
1 178
1 488
1 403
2 671 384
2 436 620
1 963
2 315 199
1 599
2 755 93
1 555
1 286
1 388
2 50 849
1 20
1 847
1 225
1 919
1 506
3 708 164 262
3 440 484 639
2 780 237
1 700
1 323
1 784
1 922
2 726 629
1 987
2 400 971
1 39
3 751 792 357
3 536 705 102
1 464
2 684 698
1 397
4 390 360 530 223
3 430 444 746
2 198 179
1 238
2 363 473
1 653
1 453
1 502
1 729
1 874
1 213
1 309
1 615
1 22
1 82
1 250
1 468
1 297
1 51
1 952
1 244
1 518
1 931
3 936 35 572
2 745 812
1 33
1 947
1 627
1 328
1 368
1 816
2 543 560
2 520 94
1 783
3 263 626 637
1 903
2 916 532
1 616
2 490 645
3 514 608 605
1 370
1 230
2 761 219
1 688
1 715
1 825
1 770
1 558
1 767
2 183 480
1 760
2 120 44
1 450
1 7
1 958
1 585
2 609 448
2 785 43
1 983
1 744
3 821 135 709
1 371
1 993
1 334
1 531
1 848
1 141
1 303
2 561 11
2 211 879
1 858
1 187
2 252 593
2 674 711
1 535
1 799
3 111 394 19
1 905
2 925 398
1 830
5 887 327 407 707 791
1 304
2 680 699
2 48 663
1 220
2 656 3
2 533 854
1 343
1 622
1 910
1 184
1 75
1 92
2 786 973
3 46 964 513
2 511 839
1 563
1 701
2 69 994
1 337
1 378
2 292 660
1 266
1066102.2441074443
661
1 21
1 593
2 899 344
1 818
2 549 481
1 514
1 89
2 330 1
1 224
2 382 622
1 815
2 365 151
1 860
1 233
1 369
1 175
1 449
2 652 270
1 350
1 157
1 52
1 821
1 217
3 916 87 395
1 658
1 669
1 355
1 414
1 983
2 515 201
1 643
2 827 943
2 115 407
1 576
2 630 182
1 209
1 358
1 17
1 534
2 55 255
3 832 247 426
1 610
2 642 675
1 96
1 647
1 587
3 655 694 127
2 62 198
2 674 381
1 131
1 981
1 522
2 787 705
1 417
1 107
1 719
1 476
1 427
1 200
2 688 841
1 84
1 221
1 411
1 241
2 442 582
2 833 199
1 784
2 366 790
1 623
1 677
1 309
2 162 85
2 438 447
1 709
1 220
2 274 807
1 695
2 874 512
2 482 840
1 5
2 619 756
3 607 824 71
1 121
2 118 61
4 94 585 320 331
1 367
1 660
2 973 804
1 487
2 237 33
1 262
1 403
2 731 965
1 638
1 53
1 825
1 829
2 823 873
2 954 987
2 748 98
2 649 813
2 34 394
1 467
2 4 557
1 469
1 328
1 376
6 265 608 876 80 205 312
1 3
1 346
4 692 273 603 750
2 722 8
3 337 656 849
1 856
1 508
1 169
1 435
1 253
1 325
1 196
1 757
1 227
2 865 997
3 519 423 531
1 180
2 544 154
2 518 313
1 761
2 976 441
1 533
1 348
2 754 998
1 495
2 810 930
3 717 117 880
4 142 145 386 583
1 598
1 609
1 843
2 786 28
2 771 901
1 763
1 473
1 545
2 571 166
1 223
1 332
1 387
1 560
1 745
1 521
3 570 826 859
2 740 292
1 458
1 568
1 626
1 867
1 712
4 724 392 855 602
1 629
1 645
1 742
2 605 743
2 268 422
1 853
1 812
3 149 803 999
1 650
1 294
1 460
1 952
1 401
1 187
1 144
1 530
1 572
1 311
2 577 662
1 319
1 50
1 452
4 835 415 536 575
2 739 63
1 863
5 315 418 470 667 735
2 112 562
1 202
1 788
1 385
1 351
1 554
2 780 123
1 297
2 707 996
1 846
5 857 18 29 246 296
1 83
1 851
1 902
2 486 566
1 333
2 72 76
1 276
2 497 140
1 24
1 905
1 26
1 336
2 852 516
2 816 928
2 935 195
1 240
1 249
2 46 329
1 334
2 912 664
1 838
2 103 266
2 634 797
1 321
1 6
1 91
1 448
1 869
1 256
1 293
2 961 216
2 219 627
2 338 641
3 994 388 165
1 966
1 721
3 921 864 32
1 601
2 56 171
1 613
2 222 464
2 942 13
1 635
1 783
1 454
1 926
3 811 15 556
1 646
1 99
1 229
1 672
2 212 819
1 307
2 284 862
4 31 397 592 69
3 845 584 796
3 167 170 68
1 866
2 950 462
1 586
1 41
1 429
1 434
1 291
1 791
2 238 773
1 822
2 19 612
3 342 881 163
2 10 871
1 60
2 540 729
1 290
2 888 339
1 964
1 732
2 70 618
1 684
1 958
2 73 174
3 892 597 356
2 529 370
2 428 122
1 800
1 936
2 528 988
1 982
1 621
1 352
1 491
2 713 759
2 770 772
1 433
2 785 963
1 474
1 463
2 450 809
2 156 616
3 977 701 207
2 305 158
2 737 51
2 281 168
1 887
1 941
3 335 77 287
3 349 501 741
1 147
1 185
1 539
1 38
1 398
2 280 384
2 927 37
2 489 503
1 509
1 47
1 343
1 956
1 453
2 673 465
1 480
2 130 525
2 749 668
1 188
1 225
1 747
1 828
1 606
3 44 39 457
1 548
1 974
1 992
1 371
1 896
3 86 702 197
1 755
1 446
1 814
3 208 408 496
2 230 922
1 913
2 485 466
1 682
2 844 596
1 579
4 794 391 730 440
3 235 363 517
2 792 27
4 425 894 765 563
1 468
1 980
2 277 752
1 483
3 628 538 666
4 146 728 323 561
1 192
1 272
2 306 714
2 687 113
1 178
1 604
1 327
2 406 361
1 511
1 834
2 848 909
1 962
3 193 806 250
3 65 736 340
2 59 79
1 543
1 74
3 136 762 553
1 555
2 676 877
2 995 132
1 443
2 210 879
2 847 868
1 106
2 716 632
1 882
1 550
1 353
2 945 600
1 506
1 637
2 831 471
1 665
1 317
1 526
1 283
1 242
1 152
1 430
1 614
2 842 301
1 490
1 218
1 690
1 733
1 378
1 795
1 215
1 590
1 946
1 257
2 264 251
1 295
2 478 661
1 768
1 263
1 81
1 542
1 711
1 778
3 680 910 923
1 938
1 279
1 134
2 798 985
2 36 176
1 753
3 226 67 286
1 884
1 704
2 399 421
2 124 164
2 746 402
3 751 380 817
2 396 781
2 488 972
1 110
1 431
1 830
3 971 895 990
2 137 499
1 893
2 940 837
2 708 929
3 324 547 275
1 919
1 92
1 720
1 183
1 191
1 953
1 368
1 906
1 918
1 261
1 93
2 189 206
1 114
2 128 671
1 693
2 373 439
2 925 820
1 885
1 615
2 854 955
1 116
2 640 520
1 299
1 931
3 890 141 644
2 907 968
1 659
1 700
1 405
1 173
1 298
2 617 861
1 937
1 49
1 432
2 194 779
1 696
1 559
1 802
4 109 706 22 303
1 436
1 389
3 236 989 25
2 801 933
2 11 102
4 243 248 172 889
2 412 932
1 410
2 774 97
1 947
1 133
1 625
1 886
1 764
2 90 758
1 567
2 686 375
1 75
1 360
1 552
2 357 967
1 289
1 738
1 143
2 808 897
3 939 799 850
1 228
1 42
1 993
1 66
2 679 16
1 129
1 455
4 214 524 744 564
2 639 139
1 374
2 580 648
1 691
2 259 409
2 883 456
1 718
1 569
1 573
2 58 670
1 304
2 359 948
1 271
2 903 636
2 184 475
1 872
1 159
1 14
1 513
1 904
3 653 160 347
1 969
2 683 611
1 944
1 260
1 282
2 685 565
1 413
1 119
1 258
3 878 310 510
1 959
1 288
1 504
1 934
2 914 537
1 578
1 986
1 775
1 620
2 35 82
2 507 153
1 776
1 104
1 354
1 372
2 416 594
1 252
1 420
1 150
5 322 318 57 278 345
2 23 211
1 631
1 698
1 727
3 697 78 760
2 400 161
1 723
1 54
1 203
1 364
1 437
2 793 908
1 546
4 984 2 527 45
3 419 505 461
1 393
2 805 898
2 64 126
1 574
1 915
1 314
1 379
3 715 267 782
1 108
3 444 105 493
2 734 502
2 870 326
1 424
3 651 726 558
2 581 302
1 589
1 155
1 9
2 300 445
2 599 703
1 920
1 120
1 477
3 678 362 900
1 383
3 699 911 181
2 308 234
1 404
1 492
2 532 498
1 523
1 839
1 960
2 681 767
1 970
1 789
3 978 891 451
1 777
2 12 231
1 858
1 254
1 40
1 190
2 341 725
2 43 244
1 500
1 484
1 239
2 111 377
2 213 924
1 125
1 204
1 710
1 991
1 138
1 595
2 624 179
2 88 95
2 186 245
4 975 135 7 20
2 177 494
1 979
2 766 101
2 459 769
1 479
2 949 285
1 100
1 657
1 269
1 689
1 917
1 836
1 654
1 951
1 472
1 957
1 1000
1 588
2 148 316
3 551 875 48
1 535
1 390
3 30 591 633
3 232 541 663
1088225.60948801
665
1 230
2 976 314
2 550 883
3 484 231 526
1 25
1 329
3 338 690 432
1 855
1 470
1 847
1 871
1 585
2 596 498
2 551 605
2 652 530
1 368
1 152
1 357
1 629
1 439
1 753
1 783
1 455
2 358 492
1 327
1 674
1 8
2 225 702
1 946
1 910
1 297
2 947 19
1 298
1 619
1 556
1 291
1 295
2 589 176
2 355 692
1 748
1 367
2 903 981
1 50
1 582
1 640
1 936
1 28
3 251 683 814
1 807
1 214
1 351
1 559
1 554
1 488
1 393
1 440
1 388
1 612
1 389
4 429 517 485 538
2 888 642
2 21 341
3 505 96 456
1 552
2 676 16
2 296 539
1 29
1 1
2 462 507
1 636
1 732
2 681 217
1 219
1 18
1 347
1 705
1 740
1 403
1 766
1 466
1 584
1 831
1 41
1 809
1 774
1 94
1 834
1 472
2 57 156
2 396 340
1 625
1 122
1 542
2 416 684
1 593
1 144
1 42
1 186
1 723
1 208
2 209 660
1 287
1 235
1 518
1 647
2 53 451
2 830 221
2 336 993
1 66
1 71
4 256 952 76 147
1 137
1 232
1 817
1 392
2 724 838
1 842
1 852
2 281 399
2 406 385
2 749 184
4 203 114 258 937
1 279
1 970
2 925 979
2 270 850
1 404
1 379
2 398 635
1 457
1 677
1 233
3 861 428 464
3 264 822 240
1 878
1 706
2 143 247
3 514 545 752
2 999 85
1 248
1 980
1 321
1 378
2 360 261
3 548 707 744
1 84
1 739
1 364
1 192
1 486
3 420 867 222
1 478
1 33
1 91
1 405
3 833 515 578
2 697 894
1 758
1 205
2 14 106
2 736 202
2 827 615
1 142
1 22
1 26
1 130
1 987
1 504
1 49
1 55
1 237
1 434
1 772
1 44
2 320 426
1 10
1 13
3 317 599 638
1 495
1 353
7 361 509 983 489 241 323 726
5 113 777 789 118 765
3 782 236 912
1 376
2 609 849
1 468
1 459
3 557 899 873
1 812
1 761
1 928
1 832
1 124
2 255 414
1 2
2 290 419
2 395 630
1 408
2 997 249
3 853 7 189
1 837
1 843
1 963
1 714
1 785
4 775 447 481 528
1 580
1 614
3 649 738 709
3 757 342 239
1 344
1 38
3 371 914 919
4 754 988 131 370
1 410
1 586
2 886 720
1 58
1 318
1 61
1 503
1 163
1 746
2 862 67
1 570
3 815 680 945
2 157 956
1 729
3 864 519 155
1 719
1 688
1 934
1 541
4 553 653 741 727
3 839 473 402
2 637 159
1 265
3 575 669 796
1 89
2 45 199
2 384 74
2 574 764
2 375 383
2 896 973
2 60 655
2 309 865
1 337
1 112
2 657 151
1 140
1 877
2 216 377
1 648
1 117
2 431 802
3 359 895 951
4 72 857 935 645
1 437
1 475
2 302 501
2 792 246
1 325
1 453
1 664
1 332
1 469
1 974
2 594 835
1 108
2 304 422
1 588
1 369
1 293
1 461
2 745 561
2 165 699
3 506 658 135
1 921
1 266
2 643 904
1 872
1 986
1 400
1 633
1 48
1 650
2 4 716
1 943
3 522 167 562
1 996
2 897 311
2 717 227
3 603 856 602
2 794 308
1 678
2 767 421
3 138 126 110
1 187
2 701 195
1 601
1 508
2 572 595
3 686 984 929
1 245
2 177 75
1 703
1 598
1 691
1 51
2 218 418
2 534 898
1 675
3 915 272 445
1 32
1 590
1 172
1 267
1 20
2 992 12
1 34
1 971
1 160
1 712
1 905
2 805 811
3 169 354 212
2 651 750
1 115
1 68
2 322 529
2 626 882
1 902
1 339
1 391
1 40
1 770
1 994
2 5 579
1 788
1 62
1 860
3 975 170 698
2 711 667
2 125 965
1 436
2 99 618
2 967 722
1 933
1 985
2 624 825
2 161 679
1 954
2 120 366
1 479
1 950
1 154
1 512
1 280
1 433
1 623
2 397 851
2 238 88
1 442
4 819 673 190 592
2 35 119
1 242
1 386
1 733
1 942
1 483
1 343
1 682
2 961 83
1 525
2 908 959
2 352 743
1 87
1 191
1 413
2 646 123
1 696
1 958
2 576 510
1 932
1 776
4 944 622 793 581
1 31
2 689 204
1 866
2 417 93
1 387
1 923
2 662 977
2 632 285
2 600 390
1 443
1 36
1 282
1 310
1 639
1 424
1 303
1 957
2 121 109
1 760
1 911
1 751
1 174
2 250 797
4 634 804 77 98
1 870
1 818
3 454 234 668
1 47
2 968 268
1 427
2 521 663
2 283 798
2 493 665
1 82
3 533 659 80
3 362 641 64
1 73
1 260
1 100
1 411
1 841
2 868 784
1 409
1 269
1 490
1 289
3 567 666 826
1 644
2 294 536
2 607 141
1 128
1 275
1 471
2 813 78
1 810
2 463 348
1 183
1 46
1 104
2 474 162
2 198 718
1 476
1 795
1 829
2 966 188
1 263
2 755 92
1 39
1 423
3 892 394 129
3 922 101 201
2 467 178
2 569 573
1 535
1 773
2 158 917
1 243
1 306
1 620
1 532
1 881
1 840
1 893
1 79
2 153 181
2 546 742
1 193
2 941 820
1 890
1 63
2 571 989
1 54
2 335 9
2 824 171
2 380 713
1 262
1 821
1 211
1 401
1 333
1 103
2 781 441
1 901
3 365 223 563
2 800 412
1 516
1 621
1 299
2 465 543
1 315
2 448 407
2 491 759
1 284
1 801
2 276 349
1 292
1 444
1 477
2 564 930
1 704
1 920
1 628
4 926 107 531 523
1 215
1 613
2 23 998
1 627
1 168
1 197
1 611
1 670
2 316 381
1 326
1 786
2 17 226
1 606
2 730 372
1 953
1 747
2 991 889
1 964
1 175
1 446
2 735 549
1 300
1 715
3 220 778 56
3 254 583 200
2 577 859
1 955
1 207
2 907 527
2 560 990
1 768
1 148
1 616
1 763
1 415
1 731
3 891 803 145
1 180
1 305
1 969
1 962
2 1000 597
1 734
2 737 565
1 779
1 863
1 374
1 331
1 995
1 257
3 273 846 591
2 771 656
3 887 587 252
1 116
1 166
2 133 927
2 848 858
1 346
1 450
2 880 288
3 931 617 52
1 494
1 69
1 277
2 631 823
2 65 604
2 610 978
3 502 513 982
4 11 874 149 816
1 721
1 111
1 524
1 373
1 558
3 6 24 146
1 363
2 497 728
1 568
1 869
1 909
2 356 350
1 708
2 769 661
1 949
2 150 948
1 710
3 286 780 213
1 164
1 319
1 458
3 566 500 836
2 139 70
2 37 828
1 95
1 916
1 694
1 81
1 313
2 918 555
1 182
1 900
1 460
3 185 685 27
3 382 687 127
2 224 330
4 700 608 938 884
1 105
1 86
1 30
3 430 913 854
2 875 97
1 940
1 345
1 499
1 879
2 496 654
1 845
1 725
1 876
2 179 194
3 799 278 435
1 136
1 695
2 547 672
1 132
1 244
2 787 206
2 791 452
2 939 449
1 906
1 90
2 806 102
1 196
2 537 972
1 520
1 482
2 259 487
1 173
1 960
1 3
2 253 756
2 43 885
4 511 544 808 228
2 671 210
5 334 324 425 229 271
1 540
2 307 924
1 762
1 438
2 59 312
1 328
1 693
1 301
3 844 134 480
2 15 274
1 790
1058829.6252326472
662
3 607 283 941
1 310
1 805
1 955
2 93 374
2 844 655
2 511 262
1 264
1 756
2 211 809
1 121
1 751
1 578
3 710 329 536
3 228 368 851
1 75
1 332
1 975
1 624
1 709
1 936
1 316
1 597
1 615
1 696
1 971
3 87 620 158
1 251
1 797
2 326 740
1 146
2 887 308
1 460
1 683
1 641
1 230
2 406 517
1 401
3 695 771 982
1 480
1 111
1 445
1 636
1 765
1 980
1 893
1 703
1 729
2 10 563
3 978 876 48
1 365
1 778
2 205 3
1 324
4 427 550 396 97
1 118
1 795
1 342
2 786 103
1 653
1 804
1 906
1 409
1 172
1 463
2 250 357
2 440 824
1 939
3 518 450 11
2 471 810
1 204
1 34
2 167 171
1 918
2 335 542
1 534
1 966
1 425
1 940
2 247 843
2 853 382
1 680
2 240 190
1 193
2 92 498
1 780
1 970
1 76
1 276
1 164
2 138 348
3 781 321 489
1 150
1 485
1 29
1 349
1 928
2 274 362
1 660
1 852
1 910
1 347
1 436
1 977
2 101 925
1 45
2 61 415
2 449 472
1 789
5 266 487 237 395 912
1 40
2 314 875
1 221
2 9 642
2 606 675
1 297
2 418 235
1 312
1 153
2 208 373
1 364
1 47
2 78 580
1 938
2 269 646
2 741 800
3 821 98 549
1 825
2 147 682
1 461
2 106 592
2 743 496
1 551
3 993 546 601
2 832 369
2 817 827
2 83 139
2 579 839
2 82 432
1 631
1 661
2 42 529
1 581
1 524
2 570 664
2 874 243
1 711
1 413
1 464
1 643
1 600
1 719
1 818
2 478 854
1 238
1 561
1 672
1 405
1 462
3 965 999 41
1 670
1 903
1 968
1 74
2 191 31
1 114
1 439
1 669
1 448
1 481
2 244 356
1 491
2 915 242
2 634 378
2 967 715
2 841 847
1 12
1 30
1 71
1 124
1 131
1 523
1 654
1 91
2 271 905
2 811 363
2 25 268
2 748 225
2 700 963
1 866
1 749
3 806 933 239
1 577
1 194
1 548
1 513
1 742
1 747
1 465
1 788
2 129 673
1 323
1 408
2 763 404
3 84 544 246
1 814
1 16
2 459 466
1 435
2 869 984
1 458
2 62 589
1 333
1 872
2 43 575
3 57 161 256
1 878
1 528
1 947
1 185
1 392
3 516 189 537
1 565
3 638 896 995
1 54
1 259
1 275
1 320
1 110
2 198 486
3 608 888 282
1 846
1 33
3 224 612 37
1 630
1 331
2 69 141
1 261
1 173
2 801 307
1 823
2 858 961
1 831
2 913 816
1 286
2 81 470
2 628 586
1 512
2 803 379
2 514 767
1 80
3 949 713 926
1 708
1 793
1 270
1 18
2 51 187
1 690
1 705
2 576 13
1 911
2 569 522
2 962 209
1 881
4 287 718 613 935
1 924
2 63 252
1 467
1 774
1 702
1 953
3 202 509 632
1 156
2 182 169
2 234 339
2 469 861
1 123
1 730
2 66 798
4 785 838 907 336
3 674 133 543
1 908
1 206
3 291 870 900
1 148
2 545 951
2 621 90
1 398
2 598 358
2 508 135
3 493 898 972
1 571
2 38 125
2 446 55
1 611
2 914 420
1 341
1 526
1 686
1 867
2 964 848
2 699 856
1 199
1 196
2 891 618
1 954
1 421
1 645
1 294
1 752
1 210
2 355 527
1 857
1 107
1 828
3 338 688 353
1 755
2 14 582
1 360
3 391 668 354
1 313
1 587
1 759
2 658 812
1 454
1 541
3 130 530 500
3 652 494 957
3 52 721 880
1 232
1 764
2 706 4
1 163
2 760 155
2 293 301
1 222
2 315 726
1 160
1 617
1 627
1 175
2 285 538
1 19
3 203 637 50
2 299 484
2 521 226
1 60
1 444
1 635
1 728
5 830 322 946 122 727
1 979
1 108
1 352
2 773 181
1 377
1 416
1 667
3 507 554 873
2 997 6
3 115 950 845
3 599 659 724
3 882 560 112
2 127 996
3 89 277 36
2 281 794
1 849
1 657
1 165
1 430
2 437 648
2 663 725
2 998 698
2 990 95
1 144
1 334
1 931
1 258
3 389 716 162
1 884
1 677
2 218 826
3 676 605 284
2 290 956
1 981
2 647 792
1 102
2 327 701
2 451 132
2 573 769
1 303
1 533
1 229
1 894
1 930
2 2 976
1 929
1 948
1 864
2 317 987
1 734
1 562
2 593 745
2 477 991
1 909
1 177
1 149
2 410 629
3 850 503 927
1 784
2 381 407
1 216
1 707
2 272 921
1 689
1 192
1 885
2 305 453
1 890
1 53
1 330
1 49
2 174 969
2 245 151
2 142 207
3 772 671 640
1 372
1 267
1 555
2 754 134
1 295
1 345
1 594
1 622
2 431 170
2 958 820
3 213 862 346
2 417 610
1 619
1 895
1 215
1 479
1 23
1 583
1 394
3 992 475 505
1 790
1 433
2 520 934
2 214 249
1 650
1 200
3 515 922 777
1 988
1 5
1 24
2 302 120
1 85
2 86 186
2 67 88
1 623
1 376
1 974
1 441
2 128 8
1 197
2 488 564
1 920
1 311
1 375
1 762
1 899
1 351
1 902
1 723
2 223 557
1 596
1 761
2 380 292
1 691
1 791
1 540
3 233 309 384
1 504
1 656
2 20 59
2 712 994
1 568
2 32 531
2 796 625
2 959 65
1 502
1 253
2 692 945
1 985
2 779 738
1 126
1 679
2 897 176
1 99
2 296 732
1 768
2 684 145
1 166
1 552
2 367 639
3 424 604 241
1 783
2 113 340
2 28 412
1 157
2 337 434
1 614
1 819
5 815 278 685 212 248
1 813
1 834
1 943
2 835 219
1 776
1 1
1 428
2 519 532
1 917
1 279
1 883
2 609 916
1 1000
1 665
1 753
2 483 553
1 136
1 152
2 96 535
2 868 159
1 704
1 735
1 116
1 397
1 919
1 681
1 901
1 687
1 137
1 585
1 180
1 983
1 328
2 399 855
2 119 359
2 595 626
1 829
1 390
2 280 318
2 385 558
4 693 822 877 231
1 590
2 68 744
2 539 104
2 306 694
2 154 787
1 22
1 807
2 799 499
1 697
3 44 273 304
1 403
1 455
1 808
6 986 746 140 602 300 414
2 662 201
1 58
1 64
2 871 937
1 46
1 495
1 387
1 889
1 944
3 739 960 73
2 386 77
1 438
2 556 859
2 547 7
1 105
3 506 714 989
3 588 260 429
2 27 468
2 567 802
1 298
1 666
2 100 21
3 766 932 289
1 952
1 325
2 644 591
1 319
1 649
2 879 497
1 109
1 510
1 833
1 343
1 973
1 371
2 168 423
2 15 411
1 678
2 70 265
2 447 361
1 492
2 574 733
1 865
1 56
1 195
1 370
2 227 720
2 566 383
2 456 559
1 860
2 474 863
1 17
1 426
2 442 837
2 452 651
1 183
3 220 350 393
3 840 388 72
1 775
2 782 402
1 572
1 842
2 457 217
1 757
2 288 117
1 366
2 886 94
2 263 731
2 501 616
1 400
1 476
2 942 633
2 904 39
1 836
2 722 143
2 255 758
1 179
1 257
1 482
1 419
1 717
2 923 422
2 35 184
2 443 254
2 525 750
2 892 490
1 584
3 603 736 79
4 473 236 737 26
2 188 178
1 770
1 344
